840 841
1 1 1 899 -1 899 -1 1
1 1 1199 1 1199 -1 1 -1
1199 1 1199 899 1201 899 1201 1
1 899 1199 899 1199 901 1 901
89 898 156 898 156 98 89 98
310 800 220 800 220 3 310 3
384 899 453 899 453 86 384 86
538 1 583 1 583 827 538 827
585 322 971 322 971 244 585 244
1150 385 677 385 677 450 1150 450
1066 383 1059 383 1059 54 1066 54
1057 53 689 53 689 122 1057 122
679 452 764 452 764 897 679 897
-1
109 0 133 0 133 99 109 99
221 802 249 802 249 898 221 898
403 87 389 87 389 3 403 3
542 829 562 829 562 894 542 894
701 326 683 326 683 383 701 383
972 275 1058 275 1058 247 972 247
582 93 691 93 691 57 582 57
1069 66 1194 66 1194 120 1069 120
-1
