688 528
1 1 1 899 -1 899 -1 1
1 1 1199 1 1199 -1 1 -1
1199 1 1199 899 1201 899 1201 1
1 899 1199 899 1199 901 1 901
169 898 284 898 284 183 169 183
170 184 916 184 916 116 170 116
916 187 871 187 871 761 916 761
871 761 446 761 446 677 871 677
446 677 546 677 546 309 446 309
546 309 761 309 761 405 546 405
-1
1 139 169 139 169 140 1 140
212 1 225 1 225 118 212 118
917 132 1197 132 1197 163 917 163
892 764 876 764 876 895 892 895
444 735 285 735 285 716 444 716
462 310 481 310 481 188 462 188
761 326 871 326 871 366 761 366
-1
